	PD_whole_tree	chao1	observed_otus
E10.Mon.curt.1.20150629.M	32.2304	261.774193548	177.0
E10.Sed.1.20150630	77.96732	1653.50925926	633.0
E1.11.Lep.tran.1.20140731.T	69.36039	1731.05660377	450.0
E7.5.Gal.fasc.1.20150621.S	58.49562	1133.55319149	378.0
E1.2.Tur.stel.1.20140805.S	78.33456	2068.17808219	584.0
E3.15.Dip.heli.1.20150121.S	22.80869	289.090909091	165.0
E3.6.Acr.hyac.2.20150106.T	5.99638	86.8571428571	44.0
E1.4.Pac.spec.1.20140811.T	9.91814	171.857142857	66.0
E10.Cyp.micr.1.20150627.M	14.1437	189.625	82.0
E10.17.Fav.abdi.1.20150630.M	7.29553	155.75	47.0
E10.Por.hero.3.20150628.M	9.88637	172.0	34.0
E1.7.Pav.sp.1.20140905.T	55.20601	1584.18181818	375.0
E1.5.Gal.astr.1.20140814.T	59.67089	1823.32352941	378.0
E7.3.Por.loba.4.20150619.S	47.74134	621.25	283.0
E7.17.Fav.spA.1.20150623.S	55.47458	886.424242424	388.0
E1.3.Por.cyli.1.20140801.S	36.50649	705.285714286	251.0
E1.Out.Mil.sp.1.20140814.S	40.01491	773.578947368	286.0
E7.17.Cyp.micr.2.20150621.S	52.86656	1476.7	337.0
E1.17.Fav.sp.1.20140811.S	62.60453	2052.77272727	476.0
E1.7.Pav.vari.1.20140815.S	61.62875	1437.05769231	437.0
E7.19.Lob.hemp.1.20150621.S	30.22105	407.8	168.0
E3.5.Gal.astr.1.20150124.S	71.97308	1605.41176471	524.0
E7.17.Hyd.exce.1.20150620.S	38.59288	907.464285714	293.0
E10.17.Gon.favu.1.20150629.T	33.05646	395.0	181.0
E3.15.Dip.heli.3.20150105.S	72.87509	2026.0	494.0
E1.15.Dip.heli.1.20140726.T	61.54816	836.192307692	421.0
E7.5.Gal.astr.1.20150622.T	29.66715	325.05	138.0
E3.15.Dip.heli.3.20150123.T	48.26787	469.6875	295.0
E1.15.Dip.heli.1.20140726.S	57.1361	1113.66666667	391.0
E7.5.Gal.fasc.1.20150621.T	67.19761	1242.77586207	417.0
E10.17.Mon.curt.3.20150629.S	55.39761	1071.12244898	368.0
E1.Out.Pal.caes.1.20140815.T	32.05788	359.78125	169.0
E3.5.Gal.astr.2.20150124.S	61.31386	1704.19607843	486.0
E7.5.Gal.astr.1.20150622.S	15.00585	150.25	75.0
E7.19.Lob.hemp.1.20150621.T	72.94686	1420.01298701	519.0
E3.5.Gal.astr.2.20150127.S	32.35226	304.230769231	157.0
E1.5.Gal.astr.1.20140807.S	24.49958	301.5	152.0
E1.11.Psa.cont.1.20140730.T	8.56237	83.5	46.0
E1.15.Dip.heli.1.20140815.T	53.11109	1142.87804878	353.0
E3.15.Dip.heli.2.20150105.T	86.63615	1962.0	597.0
E1.17.Fav.sp.1.20140811.M	60.12972	1490.48837209	391.0
E3.15.Dip.heli.3.20150121.S	39.80498	538.363636364	235.0
E10.17.Gon.favu.1.20150630.S	68.32103	1671.88709677	492.0
E3.7.Pav.vari.2.20150124.S	70.43172	1384.74358974	519.0
E3.7.Pav.vari.1.20150124.T	72.00259	1365.69230769	481.0
E1.3.Por.loba.1.20140905.T	65.63068	1273.75	417.0
E1.2.Tur.reni.1.20140730.T	78.74097	1925.97590361	615.0
E3.5.Gal.astr.1.20150124.T	49.49997	634.139534884	276.0
E3.15.Dip.heli.3.20150106.T	75.83195	1062.8125	487.0
E1.11.Psa.cont.1.20140730.S	18.54672	303.153846154	101.0
E1.5.Gal.astr.1.20140807.T	48.23384	687.882352941	317.0
E10.17.Gon.favu.2.20150630.S	57.85483	1145.94230769	384.0
E7.19.Lob.hemp.2.20150619.S	54.65683	1228.56896552	424.0
E1.17.Cau.furc.1.20140801.DS	72.34633	1849.31818182	554.0
E7.7.Pav.vari.2.20150622.S	48.34342	893.977272727	311.0
E10.17.Gon.favu.2.20150630.T	85.42717	1964.825	593.0
E1.7.Pav.veno.1.20140809.S	57.61573	1386.1	397.0
E7.17.Fav.abdi.1.20150623.T	60.52531	1248.97826087	363.0
E7.3.Por.loba.4.20150619.T	24.72018	262.333333333	104.0
E3.14.Phy.lich.1.20150129.S	31.33911	480.576923077	192.0
E1.2.Tur.reni.1.20140814.S	51.01732	668.04	367.0
E1.3.Por.loba.1.20140726.T	43.94804	815.894736842	271.0
E1.5.Gal.astr.1.20140728.T	75.20922	1980.12658228	585.0
E7.3.Por.loba.2.20150619.T	23.77493	285.2	110.0
E3.15.Dip.heli.1.20150120.S	44.08573	646.026315789	268.0
E1.7.Pav.veno.1.20140811.S	68.92167	1758.34693878	476.0
E1.10.Poc.dami.1.20140731.S	44.09446	1021.02631579	328.0
E3.15.Dip.heli.1.20150123.S	60.14444	1167.58490566	404.0
E7.7.Pav.vari.1.20150623.S	41.76699	602.486486486	263.0
E3.15.Dip.heli.4.20150105.T	46.19996	724.56097561	282.0
E3.15.Dip.heli.2.20150119.S	41.03075	843.2	282.0
E10.17.Gon.favu.1.20150630.T	58.13665	1112.5625	356.0
E10.17.Gon.favu.1.20150629.S	28.35972	840.333333333	162.0
E7.17.Ech.lame.2.20150620.S	53.37679	1005.05263158	396.0
E3.7.Pav.vari.1.20150127.S	61.96327	1529.05084746	482.0
E1.17.Cau.furc.1.20140801.S	59.89801	1216.68421053	414.0
E7.17.Gon.edwa.1.20150623.T	69.13134	1558.63076923	497.0
E1.Out.Pal.caes.1.20140809.T	80.97067	2385.95652174	614.0
E1.17.Fav.sp.2.20140805.T	67.69614	1888.53846154	467.0
E7.17.Ech.lame.3.20150620.S	45.31688	686.2	328.0
E1.Out.Pal.caes.1.20140815.S	8.14239	169.857142857	64.0
E3.15.Dip.heli.3.20150123.S	76.4747	1571.03125	487.0
E3.15.Dip.heli.1.20150121.M	10.55069	99.25	70.0
E3.15.Dip.heli.3.20150123.M	22.46091	194.473684211	140.0
E3.11.Fun.sp.1.20150127.T	26.69988	158.0	128.0
E3.15.Dip.heli.1.20150120.M	12.22736	106.875	63.0
E3.4.Pac.rugo.1.20150128.M	16.7508	182.571428571	115.0
E3.14.Phy.lich.1.20150129.M	15.48592	165.571428571	107.0
E3.4.Pac.rugo.1.20150127.M	31.02565	393.285714286	222.0
E1.15.Dip.heli.1.20140809.S	89.02939	2445.5625	660.0
E1.Out.Lob.sp.1.20140803.M	28.74064	438.0	123.0
E1.17.Hyd.exes.1.20140803.T	12.03382	200.545454545	80.0
E1.19.Sym.sp.1.20140905.T	41.35458	905.12	239.0
E1.17.Hyd.exes.1.20140803.M	18.93369	191.8125	99.0
E1.2.Tur.reni.1.20140730.S	66.20041	1569.59649123	461.0
E1.17.Hyd.exes.1.20140803.S	38.23589	731.84	242.0
E1.17.Fav.sp.1.20140805.T	37.56041	789.757575758	274.0
E3.6.Acr.hyac.3.20150106.T	7.97133	118.666666667	51.0
E3.Out.Pal.caes.2.20150125.T	51.50357	862.166666667	299.0
E1.Out.Lob.sp.1.20140803.S	16.39977	177.090909091	95.0
E7.19.Lob.hemp.2.20150619.T	35.43857	431.885714286	196.0
E1.Out.Pal.caes.1.20140809.S	28.39864	229.078947368	158.0
E10.Acr.cyth.3.20150627.M	9.0557	130.857142857	60.0
E3.15.Dip.heli.4.20150106.T	82.88242	2210.51515152	583.0
E1.Out.Lob.sp.1.20140803.T	37.72501	513.387096774	195.0
E3.15.Dip.heli.1.20150106.T	49.58519	515.0	311.0
E3.15.Dip.heli.4.20150106.S	75.4111	1940.01587302	530.0
E7.19.Lob.hemp.1.20150619.T	41.37104	484.625	220.0
E3.7.Pav.vari.1.20150127.T	49.32213	1213.6	310.0
E1.17.Fav.sp.2.20140805.S	49.6073	1441.78431373	441.0
E3.15.Dip.heli.1.20150106.S	85.53476	2528.56338028	628.0
E1.5.Gal.astr.1.20140814.M	30.17538	322.75	174.0
E3.Out.Pal.caes.1.20150125.T	66.02672	720.441176471	425.0
E1.6.Iso.pali.1.20140803.M	38.1734	736.636363636	243.0
E1.17.Ech.mamm.1.20140815.M	37.54415	404.108695652	219.0
E1.5.Gal.astr.1.20140807.M	56.66515	1236.15384615	346.0
E1.3.Por.loba.1.20140724.M	54.32104	650.149253731	335.0
E10.17.Fav.abdi.2.20150630.S	12.3561	375.333333333	60.0
E7.3.Por.loba.1.20150619.S	28.64935	320.333333333	172.0
E7.Sed.1.20150619	82.11581	3150.05970149	687.0
E3.Out.Pal.caes.2.20150125.M	22.8736	311.0	173.0
E1.Out.Pal.caes.1.20140815.M	22.74356	290.555555556	115.0
E1.4.Pac.rugo.1.20140814.S	31.75754	227.125	174.0
E3.6.Acr.hyac.4.20150105.M	6.05594	67.5	42.0
E1.17.Fav.sp.1.20140811.T	39.30493	897.730769231	236.0
E3.3.Por.cyli.1.20150127.T	10.05143	89.0	39.0
E3.4.Pac.rugo.1.20150127.T	19.12163	138.090909091	93.0
E1.10.Sty.pist.1.20140807.M	20.82807	330.666666667	120.0
E1.Out.Hel.coer.1.20140811.T	65.9747	819.818181818	446.0
E10.Acr.pali.3.20150627.T	25.35931	516.6875	142.0
E1.Out.Mil.sp.1.20140731.T	15.64308	210.6	78.0
E3.3.Por.cyli.1.20150123.T	21.62057	293.928571429	101.0
E3.15.Dip.heli.1.20150119.S	40.12925	481.108108108	233.0
E1.17.Ech.lame.1.20140905.S	13.52666	198.0	104.0
E10.Alv.alli.2.20150628.T	43.15706	448.0	238.0
E1.17.Fav.sp.1.20140805.M	24.81905	268.882352941	110.0
E1.19.Sym.sp.1.20140814.M	27.55994	270.857142857	158.0
E1.3.Por.cyli.1.20140815.M	24.68604	398.272727273	111.0
E7.6.Acr.hyac.3.20150622.T	11.8157	251.6	71.0
E1.17.Ech.lame.1.20140905.M	20.98927	285.052631579	139.0
E10.Mon.curt.2.20150629.S	10.78804	146.333333333	38.0
E3.11.Fun.sp.2.20150125.M	15.68516	171.0	97.0
E1.19.Lob.sp.1.20140809.T	53.91251	863.385964912	339.0
E1.6.Iso.pali.1.20140803.T.2	11.77071	237.0	72.0
E7.3.Por.loba.1.20150619.T	16.64787	110.3125	64.0
E3.7.Pav.vari.2.20150124.T	72.95277	1493.3559322	470.0
E3.11.Fun.sp.1.20150125.S	26.23513	267.619047619	139.0
E3.15.Dip.heli.1.20150118.M	21.61457	172.125	102.0
E10.Acr.pali.2.20150627.T	9.57091	64.1428571429	37.0
E10.Por.hero.2.20150628.M	14.7257	123.5	51.0
E1.5.Gal.astr.1.20140905.M	30.23305	457.84	177.0
E1.3.Por.loba.1.20140905.M	20.39242	329.333333333	131.0
E1.2.Tur.stel.1.20140805.M	64.93778	1075.80487805	465.0
E1.5.Gal.astr.1.20140728.S	77.88618	2118.30508475	555.0
E7.17.Hyd.exce.1.20150620.M	25.74606	251.588235294	133.0
E3.17.Ech.mamm.1.20150123.T	21.33982	295.909090909	124.0
E3.4.Pac.spec.1.20150128.S	18.77162	153.125	94.0
E10.10.Sty.pist.1.20150630.M	7.0776	108.428571429	62.0
E1.5.Gal.astr.1.20140728.M	55.83498	626.269230769	366.0
E3.14.Phy.lich.2.20150125.M	22.75872	257.583333333	115.0
E3.Out.Pal.caes.1.20150125.M	17.82812	158.571428571	111.0
E1.19.Sym.sp.1.20140905.M	30.65732	337.477272727	211.0
E1.15.Dip.heli.1.20140905.S	83.78303	2238.13924051	640.0
E3.15.Dip.heli.3.20150106.S	50.83403	1238.5	364.0
E7.17.Hyd.exes.1.20150622.S	14.99716	120.0	57.0
E3.11.Fun.sp.1.20150125.T	23.46244	143.24	100.0
E1.6.Acr.humi.1.20140731.M	17.07443	135.75	89.0
E3.15.Dip.heli.2.20150120.S	73.84754	1466.01587302	463.0
E1.19.Sym.sp.1.20140905.S	34.81924	577.857142857	205.0
E1.17.Fav.sp.1.20140805.S	19.9363	469.428571429	94.0
E10.17.Fav.abdi.2.20150630.M	7.92681	88.4285714286	49.0
E10.Aca.hill.1.20150629.S	37.62601	704.208333333	302.0
E3.15.Dip.heli.1.20150105.T	68.12614	999.012345679	460.0
E1.7.Pav.vari.1.20140805.S	37.11182	1575.90322581	387.0
E1.7.Pav.vari.1.20140805.T	78.34056	1628.18072289	563.0
E3.5.Gal.astr.2.20150124.T	86.37802	990.009345794	513.0
E3.15.Dip.heli.4.20150105.S	67.18586	1889.18181818	510.0
E1.3.Por.cyli.1.20140815.S	35.39939	605.103448276	230.0
E3.15.Dip.heli.2.20150105.S	46.6721	1468.0	376.0
E3.15.Dip.heli.3.20150120.M	6.70322	69.6666666667	44.0
E3.15.Dip.heli.1.20150105.S	54.45156	1431.33333333	379.0
E7.Sed.1.20150623	83.86808	2622.89534884	704.0
E7.17.Fav.abdi.1.20150623.S	77.02874	1820.31818182	525.0
E1.15.Dip.heli.1.20140815.S	45.92889	692.109090909	323.0
E10.Alv.alli.3.20150628.T	68.80372	1292.57692308	487.0
E1.4.Pac.rugo.1.20140814.M	46.57657	396.590163934	257.0
E7.Sed.1.20150621	88.86641	2506.15909091	702.0
E7.Sed.1.20150622	80.67512	2564.55405405	663.0
E3.15.Dip.heli.2.20150121.S	53.75816	1076.0	341.0
E1.Out.Hel.coer.1.20140811.S	70.87722	1861.66666667	525.0
E3.15.Dip.heli.2.20150123.S	52.6773	1168.0	352.0
E7.17.Ech.lame.2.20150620.T	32.8428	252.933333333	177.0
E7.7.Pav.vari.2.20150622.T	67.88077	1317.46153846	489.0
E1.11.Fun.sp.1.20140730.T	71.98319	1925.96226415	480.0
E10.Water.2.20150628	87.75974	3348.76388889	735.0
E1.7.Pav.veno.1.20140811.T	59.46447	1281.94444444	395.0
E3.11.Fun.sp.1.20150127.M	15.26084	96.0	73.0
E7.Sed.1.20150620	97.64846	3362.125	766.0
E10.Sed.1.20150628	86.31142	2820.01538462	647.0
E10.Water.1.20150629	85.14577	3030.33333333	660.0
E7.17.Myc.elep.1.20150622.M	24.08228	278.666666667	137.0
E1.2.Tur.reni.1.20140730.M	68.56605	1452.89705882	492.0
E1.17.Cau.furc.1.20140801.T	53.40555	1437.08823529	329.0
E3.7.Pav.vari.1.20150124.S	60.09341	1328.22222222	424.0
E1.11.Psa.digi.1.20140807.M	42.19847	674.236842105	255.0
E1.14.Phy.lich.1.20140811.S	91.80826	3920.68421053	694.0
E3.Out.Pal.caes.2.20150125.S	61.72084	1138.73770492	423.0
E3.14.Phy.lich.2.20150125.S	53.35839	608.642857143	308.0
E7.17.Fav.spA.2.20150623.S	60.80972	1103.49180328	407.0
E3.15.Dip.heli.2.20150106.S	83.87078	3503.36206897	668.0
E1.19.Lob.sp.1.20140730.S	67.61641	1570.0	487.0
E10.Alv.alli.2.20150628.S	38.82241	368.163265306	220.0
E7.19.Lob.hemp.1.20150619.S	46.82028	1178.44680851	371.0
E1.7.Pav.vari.1.20140815.T	68.02791	2176.11764706	516.0
E1.2.Tur.pelt.1.20140814.T	44.67687	421.157894737	283.0
E10.Sed.1.20150627	74.79289	2318.72058824	614.0
E3.15.Dip.heli.3.20150120.S	29.65939	546.0	183.0
E1.2.Tur.pelt.1.20140814.M	29.37396	309.142857143	131.0
E3.15.Dip.heli.2.20150106.M	12.45323	192.0	60.0
E7.7.Pav.vari.2.20150622.M	14.26289	283.0	78.0
E3.15.Dip.heli.3.20150105.M	19.06342	211.0	112.0
E7.17.Fav.spA.1.20150623.M	6.32469	152.0	59.0
E3.6.Acr.hyac.1.20150121.S	7.49118	105.428571429	66.0
E7.17.Gon.edwa.1.20150623.S	46.39784	1063.66666667	344.0
E1.6.Iso.pali.1.20140803.M.2	37.90184	558.6	222.0
E7.5.Gal.fasc.1.20150621.M	24.81664	240.0	130.0
E3.6.Acr.hyac.3.20150121.T	10.04033	187.0	61.0
E10.Cyp.micr.1.20150627.T	29.94376	430.058823529	133.0
E7.6.Acr.hyac.2.20150622.S	6.51164	133.0	58.0
E3.6.Acr.hyac.3.20150123.T	14.5266	253.0	118.0
E3.6.Acr.hyac.1.20150106.T	5.85814	123.0	61.0
E3.14.Phy.lich.1.20150125.T	14.8113	336.0	91.0
E1.11.Fun.sp.1.20140811.S	21.02617	324.2	164.0
E1.2.Tur.pelt.1.20140814.S	20.34346	512.545454545	188.0
E3.6.Acr.hyac.1.20150105.M	8.98637	121.125	63.0
E1.15.Dip.heli.1.20140905.M	21.29471	437.12	184.0
E3.7.Pav.vari.2.20150124.M	25.46578	377.0	187.0
E1.11.Fun.sp.1.20140730.M	86.90403	1990.14130435	645.0
E1.11.Lep.tran.1.20140731.S	67.37217	1721.6875	442.0
E1.Out.Hel.coer.1.20140811.M	39.56912	605.62	287.0
E10.Cyp.sera.2.20150628.M	17.84157	201.8	89.0
E3.17.Ech.mamm.1.20150123.S	19.04858	188.666666667	115.0
E1.15.Dip.heli.1.20140809.T	59.98407	654.25	430.0
E1.7.Pav.sp.1.20140905.S	28.71939	438.263157895	221.0
E1.5.Gal.astr.1.20140814.S	48.97462	1391.09375	347.0
E3.4.Pac.spec.1.20150129.T	47.57823	418.779661017	270.0
E1.6.Iso.pali.1.20140815.S	55.46179	880.125	341.0
E1.17.Cau.furc.1.20140801.M	27.97055	515.461538462	127.0
E7.6.Mon.aequ.4.20150620.T	39.56745	423.09375	288.0
E10.Aca.hill.1.20150629.M	69.10976	1082.14285714	500.0
E1.11.Lep.tran.1.20140731.M	6.46975	109.0	44.0
E7.17.Mer.ampl.2.20150621.S	18.35499	212.5	102.0
E7.17.Ech.lame.3.20150620.M	58.35915	805.68	384.0
E3.6.Acr.hyac.2.20150105.S	6.39358	71.6666666667	40.0
E7.10.Poc.dami.3.20150621.M	5.42226	53.0	27.0
E3.2.Tur.reni.1.20150124.M	15.13301	151.714285714	96.0
E3.10.Sty.pist.2.20150124.M	10.91996	192.875	80.0
E7.17.Fav.spA.2.20150623.M	5.90588	81.5	43.0
E10.17.Mon.curt.3.20150629.M	8.11083	123.666666667	65.0
E3.6.Acr.hyac.3.20150105.T	6.22054	121.0	46.0
E1.10.Poc.dami.1.20140905.T	14.13321	129.0	55.0
E3.17.Ech.mamm.1.20150127.M	3.49232	56.0	39.0
E3.6.Acr.hyac.2.20150123.S	4.42915	77.25	39.0
E3.6.Acr.hyac.3.20150120.M	10.67071	146.0	59.0
E3.6.Acr.hyac.1.20150123.M	11.93192	165.75	57.0
E7.6.Mon.aequ.2.20150620.T	21.25815	207.428571429	96.0
E7.10.Poc.dami.1.20150621.M	9.68656	230.6	98.0
E7.3.Por.loba.3.20150619.T	16.13381	104.4	60.0
E10.Acr.cyth.2.20150627.S	10.29541	133.052631579	98.0
E10.Acr.cyth.2.20150627.T	4.45631	73.2	39.0
E3.6.Acr.hyac.2.20150123.T	9.34169	188.0	77.0
E7.3.Por.loba.2.20150619.M	8.33604	117.0	52.0
E3.4.Pac.spec.1.20150129.S	11.67265	246.0	82.0
E3.15.Dip.heli.1.20150121.T	14.10368	148.0	85.0
E10.Aca.hill.3.20150629.T	7.51523	85.5	33.0
E7.17.Ech.lame.3.20150620.T	25.37046	281.583333333	124.0
E10.10.Sty.pist.3.20150630.T	8.1125	129.0	24.0
E3.5.Gal.astr.2.20150124.M	4.6774	136.142857143	56.0
E3.15.Dip.heli.1.20150123.M	7.57658	115.111111111	60.0
E7.5.Gal.fasc.1.20150622.M	7.33738	146.0	59.0
E1.19.Sym.sp.1.20140724.S	40.60477	428.523809524	235.0
E3.6.Acr.hyac.1.20150123.T	8.59766	180.0	69.0
E3.6.Acr.hyac.4.20150105.T	5.1485	67.0	44.0
E1.17.Ech.mamm.1.20140815.S	20.1495	263.214285714	110.0
E3.15.Dip.heli.2.20150106.T	48.97311	430.75	298.0
E1.14.Phy.lich.1.20140811.M	7.45586	84.4285714286	45.0
E10.Aca.hill.2.20150629.S	20.42939	187.083333333	97.0
E10.Acr.pali.2.20150627.M	25.44413	274.483870968	151.0
E1.17.Fav.sp.2.20140805.M	51.22526	717.058823529	299.0
E7.19.Lob.hemp.1.20150619.M	27.7018	237.384615385	167.0
E10.Acr.pali.2.20150627.S	12.71182	162.0	77.0
E1.10.Poc.dami.1.20140731.T	36.402	702.75	199.0
E3.19.Sym.sp.2.20150125.M	28.46563	327.875	172.0
E7.17.Fav.abdi.1.20150623.M	35.49969	284.352941176	211.0
E1.5.Gal.astr.1.20140905.S	71.76256	1378.3125	525.0
E1.2.Tur.stel.1.20140805.T	60.70109	1208.06666667	383.0
E3.15.Dip.heli.3.20150105.T	43.51872	1259.75	319.0
E3.19.Sym.sp.2.20150125.S	10.26225	156.0	66.0
E3.15.Dip.heli.2.20150120.M	11.91126	179.857142857	74.0
E7.17.Fav.spC.1.20150623.S	21.78242	300.875	118.0
E1.4.Pac.spec.1.20140801.T	7.01764	136.076923077	73.0
E3.6.Acr.hyac.1.20150121.T	7.31607	134.0	64.0
E1.10.Poc.dami.1.20140728.M	6.92672	95.1666666667	41.0
E1.6.Iso.pali.1.20140815.M	26.70534	277.307692308	140.0
E3.4.Pac.rugo.1.20150128.T	5.03457	93.0	43.0
E1.14.Phy.lich.1.20140811.T	13.0145	296.75	71.0
E3.6.Acr.hyac.4.20150105.S	6.92011	106.75	56.0
E1.7.Pav.veno.1.20140809.M	56.45703	761.375	339.0
E7.5.Gal.fasc.1.20150622.T	35.517	659.037037037	234.0
E1.3.Por.loba.1.20140905.S	14.38101	159.0	71.0
E1.3.Por.loba.1.20140726.S	60.46018	1206.3559322	436.0
E3.17.Ech.mamm.1.20150127.T	7.58461	94.6	44.0
E1.5.Gal.astr.1.20140905.T	69.38103	897.279069767	456.0
E7.17.Mer.ampl.2.20150621.T	20.15962	154.363636364	87.0
E3.15.Dip.heli.2.20150119.T	37.22454	303.285714286	213.0
E7.7.Pav.vari.1.20150623.T	56.32331	569.880597015	363.0
E1.19.Lob.sp.1.20140809.S	76.34643	1966.81538462	561.0
E1.14.Phy.lich.1.20140801.S	66.44067	1303.0	447.0
E3.19.Sym.sp.1.20150125.M	24.40591	309.555555556	171.0
E3.6.Acr.hyac.1.20150106.M	6.9014	142.5	48.0
E7.17.Gon.edwa.2.20150623.M	5.1862	64.75	41.0
E3.6.Acr.hyac.2.20150106.S	6.61402	108.0	48.0
E3.6.Acr.hyac.4.20150106.T	8.20553	63.0	33.0
E3.Out.Mil.sp.1.20150125.M	3.65423	36.5	20.0
E10.Poc.dami.2.20150628.M	5.00166	150.0	33.0
E3.7.Pav.vari.1.20150124.M	22.85043	335.571428571	153.0
E1.6.Acr.sp.1.20140726.S	5.90938	79.0	46.0
E7.6.Mon.aequ.4.20150620.S	9.29101	188.875	76.0
E3.5.Gal.astr.1.20150124.M	5.8806	81.6666666667	51.0
E3.6.Acr.hyac.1.20150105.S	8.0529	124.0	62.0
E7.17.Gon.edwa.1.20150623.M	4.68233	77.1111111111	49.0
E10.Ser.cali.1.20150627.M	4.44692	104.6	55.0
E10.Aca.hill.2.20150629.M	6.18637	217.428571429	76.0
E10.17.Gon.favu.2.20150630.M	10.94642	159.166666667	60.0
E3.6.Acr.hyac.3.20150121.M	5.48368	142.0	42.0
E1.19.Lob.sp.1.20140730.T	9.54921	140.111111111	74.0
E7.17.Fav.spC.1.20150623.T	15.36871	138.461538462	90.0
E10.10.Sty.pist.2.20150630.M	16.21702	106.083333333	85.0
E10.Acr.pali.3.20150627.S	9.43637	67.1111111111	52.0
E3.6.Acr.hyac.3.20150120.S	7.0563	113.666666667	55.0
E10.Mon.curt.2.20150629.M	7.32421	263.0	75.0
E3.6.Acr.hyac.1.20150120.S	11.32435	116.111111111	71.0
E3.15.Dip.heli.3.20150121.M	9.54708	169.666666667	74.0
E3.15.Dip.heli.3.20150106.M	10.94669	144.666666667	62.0
E10.Acr.cyth.3.20150627.T	5.73845	148.333333333	40.0
E7.19.Lob.hemp.1.20150621.M	10.60732	163.235294118	105.0
E1.11.Fun.sp.1.20140811.M	22.41313	322.0	103.0
E10.10.Poc.dami.1.20150630.M	10.49507	46.8571428571	39.0
E3.3.Por.cyli.1.20150123.S	19.0305	223.1	80.0
E7.10.Poc.dami.3.20150621.S	23.04159	193.0	132.0
E7.10.Ser.cali.1.20150622.T	15.0096	122.5	70.0
E3.4.Pac.spec.1.20150128.T	19.95462	173.461538462	104.0
E7.10.Poc.dami.1.20150621.S	17.27283	174.2	99.0
E3.15.Dip.heli.2.20150119.M	10.28916	178.0	73.0
E1.19.Sym.sp.1.20140814.S	18.31944	264.5	122.0
E3.6.Acr.hyac.2.20150120.S	10.63281	199.0	73.0
E1.15.Dip.heli.1.20140815.M	26.88497	217.083333333	150.0
E1.10.Sty.pist.1.20140815.M	44.79044	595.52	284.0
E7.17.Hyd.exes.2.20150622.S	17.1694	210.111111111	74.0
E7.5.Gal.fasc.1.20150622.S	19.83314	191.882352941	98.0
E3.Out.Mil.sp.2.20150125.T	11.17701	226.0	50.0
E7.7.Pav.vari.1.20150622.S	29.02895	369.227272727	215.0
E1.10.Sty.pist.1.20140807.T	8.58105	75.0	37.0
E10.Acr.cyth.1.20150627.M	16.58492	277.0	112.0
E1.11.Psa.cont.1.20140730.M	8.6966	75.0	37.0
E7.17.Myc.elep.1.20150622.T	29.28982	211.384615385	168.0
E3.3.Por.cyli.1.20150123.M	12.70682	162.666666667	80.0
E1.2.Tur.reni.1.20140814.M	55.8921	693.372881356	332.0
E1.Out.Pal.caes.1.20140809.M	68.84931	1305.9	468.0
E3.4.Pac.spec.1.20150129.M	22.77091	230.64	150.0
E10.Alv.alli.3.20150628.M	13.91927	93.5	68.0
E7.10.Ser.cali.1.20150622.M	7.12846	162.666666667	76.0
E10.Alv.alli.2.20150628.M	9.03136	135.076923077	81.0
E1.4.Pac.spec.1.20140811.M	23.05477	196.0	141.0
E1.11.Psa.digi.1.20140807.S	64.67137	1430.16666667	464.0
E1.4.Pac.rugo.1.20140728.T	10.99559	126.1875	89.0
E1.19.Lob.sp.1.20140730.M	20.86502	199.05	145.0
E1.2.Tur.reni.1.20140814.T	52.85682	902.779661017	371.0
E7.17.Hyd.exes.1.20150622.M	26.69278	181.807692308	142.0
E7.17.Hyd.exce.1.20150620.T	28.50681	487.4	144.0
E1.6.Iso.pali.1.20140803.S.2	43.177	541.142857143	275.0
E7.10.Ser.cali.3.20150622.S	24.39529	318.368421053	126.0
E7.17.Mer.ampl.3.20150621.M	23.40354	173.0	118.0
E7.17.Myc.elep.1.20150622.S	47.58368	857.518518519	344.0
E1.7.Pav.veno.1.20140811.M	47.75018	432.935483871	276.0
E7.17.Fav.spB.1.20150623.S	56.86068	1474.33333333	410.0
E7.17.Gon.edwa.2.20150623.T	47.63883	370.403846154	279.0
E7.10.Poc.dami.2.20150621.M	23.87308	164.130434783	123.0
E10.17.Fav.abdi.1.20150630.S	43.15116	537.666666667	255.0
E1.6.Iso.pali.1.20140803.T	43.22372	503.888888889	280.0
E10.Fav.abdi.1.20150629.T	7.7512	211.5	36.0
E3.4.Pac.rugo.1.20150127.S	20.0382	188.105263158	121.0
E1.11.Psa.digi.1.20140807.T	19.99288	405.5	80.0
E10.Alv.alli.1.20150628.T	21.39535	241.105263158	135.0
E1.7.Pav.vari.1.20140805.M	66.19793	1058.67901235	475.0
E1.3.Por.cyli.1.20140815.T	22.5951	289.05	123.0
E7.6.Mon.aequ.1.20150620.S	10.68026	158.5	65.0
E7.17.Pla.sine.1.20150622.T	20.88953	267.909090909	96.0
E3.3.Por.cyli.1.20150127.M	29.07011	285.794117647	168.0
E3.15.Dip.heli.1.20150123.T	9.902	144.5	67.0
E1.10.Poc.dami.1.20140728.T	10.52376	64.1428571429	37.0
E1.15.Dip.heli.1.20140905.T	45.44088	561.396226415	303.0
E3.6.Acr.hyac.2.20150121.S	12.2209	120.111111111	65.0
E1.19.Sym.sp.1.20140724.T	15.95995	133.0	68.0
E3.19.Sym.sp.1.20150127.M	18.44315	208.25	122.0
E7.17.Cyp.micr.2.20150621.M	18.93795	134.4	97.0
E3.6.Acr.hyac.3.20150123.M	30.92375	444.65625	214.0
E10.Acr.pali.3.20150627.M	10.9676	220.125	85.0
E1.11.Fun.sp.1.20140811.T	13.05459	146.0	68.0
E3.6.Acr.hyac.2.20150123.M	21.25702	204.0	135.0
E7.6.Acr.hyac.2.20150622.M	12.03536	237.5	71.0
E3.15.Dip.heli.2.20150123.M	17.84226	226.75	103.0
E1.15.Dip.heli.1.20140726.M	32.73949	300.473684211	177.0
E1.3.Por.loba.1.20140724.T	13.3077	71.0	41.0
E3.10.Sty.pist.1.20150127.M	31.07374	418.2	215.0
E3.15.Dip.heli.4.20150105.M	5.38533	136.0	49.0
E1.19.Sym.sp.1.20140815.M	18.23395	282.5	105.0
E1.3.Por.cyli.1.20140801.M	8.07647	111.333333333	27.0
E7.6.Mon.aequ.3.20150620.T	20.62899	157.055555556	118.0
E3.7.Pav.vari.1.20150127.M	18.68042	183.230769231	138.0
E3.15.Dip.heli.1.20150106.M	16.93028	172.0	87.0
E10.17.Gon.favu.1.20150629.M	22.56235	189.6875	110.0
E10.17.Mon.curt.3.20150629.T	14.50123	195.333333333	70.0
E7.6.Mon.aequ.1.20150620.M	7.78482	215.5	93.0
E3.6.Acr.hyac.1.20150118.S	3.53826	27.0	20.0
E3.6.Acr.hyac.3.20150120.T	7.1002	189.5	66.0
E7.17.Fav.spB.1.20150623.M	12.80354	226.0	71.0
E7.17.Pla.sine.3.20150622.M	17.19722	173.352941176	107.0
E7.17.Fav.abdi.2.20150623.T	13.47254	85.2	39.0
E7.10.Poc.dami.2.20150621.S	19.56109	240.25	134.0
E10.Poc.dami.2.20150628.S	19.00486	275.454545455	156.0
E7.17.Fav.spA.2.20150623.T	12.23896	237.5	62.0
E1.3.Por.cyli.1.20140801.T	10.86618	107.2	37.0
E3.14.Phy.lich.1.20150125.M	22.88531	365.954545455	163.0
E1.4.Pac.spec.1.20140801.S	21.58295	177.076923077	123.0
E1.6.Mon.hisp.1.20140807.M	8.32395	83.0	32.0
E7.17.Ech.lame.2.20150620.M	7.34945	181.0	62.0
E1.7.Pav.veno.1.20140809.T	21.82577	167.111111111	101.0
E10.Poc.dami.1.20150628.S	16.71255	184.058823529	112.0
E7.17.Ech.lame.1.20150620.S	30.02657	312.222222222	180.0
E10.Por.hero.1.20150628.S	26.25166	220.555555556	135.0
E10.Ser.cali.1.20150627.S	16.77673	176.055555556	108.0
E7.17.Cyp.micr.3.20150621.S	9.55889	176.0	57.0
E7.17.Pla.sine.2.20150622.T	19.18278	252.214285714	99.0
E7.3.Por.loba.3.20150619.S	20.55547	221.357142857	140.0
E7.17.Mer.ampl.3.20150621.S	22.02233	205.5	78.0
E3.15.Dip.heli.3.20150121.T	26.7362	207.0	148.0
E1.10.Sty.pist.1.20140815.T	5.01001	108.6	59.0
E3.15.Dip.heli.2.20150123.T	29.11459	310.4	163.0
E7.7.Pav.vari.1.20150623.M	3.12558	51.3333333333	21.0
E10.Aca.hill.3.20150629.S	17.84405	209.857142857	104.0
E10.Por.hero.3.20150628.S	27.94667	391.038461538	189.0
E1.6.Acr.sp.1.20140905.M	7.06401	129.111111111	74.0
E3.15.Dip.heli.1.20150120.T	42.49888	308.181818182	200.0
E10.Acr.cyth.1.20150627.S	5.49703	77.1111111111	49.0
E3.6.Acr.hyac.3.20150105.S	6.73661	186.5	84.0
E7.10.Ser.cali.2.20150622.M	11.9457	174.625	82.0
E10.Acr.cyth.2.20150627.M	22.97198	235.0	137.0
E7.6.Mon.aequ.2.20150620.M	14.88529	167.0	89.0
E7.17.Ech.lame.1.20150620.M	26.49275	242.666666667	148.0
E1.19.Lob.sp.1.20140809.M	25.78981	227.294117647	150.0
E1.10.Sty.pist.1.20140815.S	12.91397	139.6	73.0
E3.Out.Mil.sp.1.20150125.S	13.54998	317.5	103.0
E1.Out.Mil.sp.1.20140814.T	17.50294	214.260869565	121.0
E3.6.Acr.hyac.2.20150121.M	13.15221	132.5	90.0
E7.7.Pav.vari.1.20150622.M	20.24274	258.666666667	117.0
E7.6.Mon.aequ.3.20150620.M	9.06551	242.333333333	95.0
E7.10.Ser.cali.2.20150622.S	11.50853	163.25	88.0
E3.11.Fun.sp.2.20150125.T	24.01869	299.217391304	144.0
E3.6.Acr.hyac.2.20150121.T	33.25979	300.125	175.0
E7.17.Mer.ampl.1.20150621.M	21.87534	257.1	114.0
E7.6.Acr.hyac.1.20150622.S	7.9698	127.5	55.0
E7.17.Cyp.micr.1.20150621.M	25.4336	241.043478261	142.0
E3.11.Fun.sp.1.20150125.M	23.81111	241.275862069	158.0
E1.17.Ech.lame.1.20140905.T	10.96194	113.555555556	91.0
E3.10.Sty.pist.1.20150124.S	10.09056	66.3333333333	43.0
E3.15.Dip.heli.1.20150119.M	10.46011	169.625	77.0
E3.6.Acr.hyac.1.20150123.S	9.43108	131.0	68.0
E7.17.Mer.ampl.1.20150621.S	20.55535	301.142857143	89.0
E1.19.Sym.sp.1.20140815.T	9.36015	227.0	86.0
E1.6.Acr.humi.1.20140731.S	8.17235	128.6	53.0
E10.17.Fav.pali.1.20150630.S	14.98719	254.0	89.0
E7.17.Ech.lame.1.20150620.T	8.6312	152.0	64.0
E3.2.Tur.reni.2.20150124.M	12.08398	198.0	79.0
E3.17.Ech.mamm.1.20150123.M	29.10968	337.303030303	202.0
E7.17.Pla.sine.1.20150622.S	13.72831	343.857142857	91.0
E3.2.Tur.reni.1.20150124.T	28.00307	285.666666667	147.0
E3.17.Ech.horr.1.20150123.T	20.3998	219.076923077	109.0
E3.3.Por.cyli.2.20150123.T	19.93759	185.0	86.0
E3.Out.Mil.sp.1.20150125.T	14.48282	163.666666667	68.0
E3.6.Acr.hyac.3.20150121.S	10.03133	280.0	75.0
E3.11.Fun.sp.1.20150127.S	18.45001	141.333333333	79.0
E1.6.Mon.hisp.1.20140807.T	3.90177	29.0	17.0
Negative.Control.4	4.89345	106.25	43.0
E3.6.Acr.hyac.2.20150105.M	12.17455	105.428571429	59.0
E10.Aca.hill.3.20150629.M	17.17375	282.0	94.0
E7.17.Fav.spA.1.20150623.T	9.76943	126.5	41.0
E10.Ser.cali.2.20150627.S	19.68676	232.272727273	107.0
E10.17.Gon.favu.1.20150630.M	7.89722	82.5	54.0
E7.6.Mon.aequ.3.20150620.S	6.98637	113.333333333	65.0
E3.6.Acr.hyac.2.20150106.M	10.54454	405.0	54.0
E7.17.Pla.sine.3.20150622.S	8.99708	123.428571429	57.0
E1.Out.Mil.sp.1.20140731.M	7.82439	77.3333333333	44.0
E1.Out.Mil.sp.1.20140731.S	21.39683	519.142857143	112.0
E3.Out.Pal.caes.1.20150125.S	46.14787	473.365384615	302.0
E1.15.Dip.heli.1.20140809.M	41.51852	335.0	230.0
E3.3.Por.cyli.2.20150123.S	9.18473	79.5	42.0
E7.17.Mer.ampl.3.20150621.T	14.92145	118.461538462	70.0
E1.4.Pac.rugo.1.20140814.T	7.51694	152.5	37.0
E3.15.Dip.heli.1.20150118.T	21.53985	233.913043478	149.0
E7.5.Gal.astr.1.20150622.M	12.80778	214.2	81.0
E3.6.Acr.hyac.3.20150105.M	20.08621	208.666666667	127.0
E3.6.Acr.hyac.2.20150120.M	7.15266	77.0	47.0
E7.6.Acr.hyac.3.20150622.M	11.97286	265.25	80.0
E10.Ser.cali.3.20150627.M	24.47477	236.235294118	139.0
E3.19.Sym.sp.1.20150125.S	12.04051	240.0	72.0
E1.7.Pav.vari.1.20140815.M	32.15932	367.0	208.0
E3.17.Ech.mamm.1.20150129.M	25.84594	280.088235294	180.0
E10.Por.hero.3.20150628.T	8.66571	146.5	31.0
E1.6.Iso.pali.1.20140815.T	21.75197	181.6875	117.0
E7.17.Hyd.exes.2.20150622.T	12.61538	187.25	81.0
E1.7.Pav.sp.1.20140905.M	10.4453	117.111111111	81.0
E10.Por.hero.2.20150628.S	17.29892	170.333333333	70.0
E10.Acr.cyth.1.20150627.T	7.23399	220.0	30.0
E10.Fav.abdi.1.20150629.M	11.46034	161.0	50.0
E7.17.Cyp.micr.1.20150621.T	8.72786	71.5	46.0
E7.6.Mon.aequ.1.20150620.T	7.80618	130.0	64.0
E7.6.Acr.hyac.1.20150622.T	6.27179	203.5	41.0
E1.6.Acr.sp.1.20140905.S	6.36086	122.0	64.0
E1.6.Acr.sp.1.20140905.T	2.94466	81.75	39.0
E1.10.Poc.dami.1.20140905.S	15.55423	214.565217391	135.0
E1.4.Pac.rugo.1.20140728.M	13.88644	153.25	72.0
E7.17.Hyd.exes.2.20150622.M	6.43562	65.5	40.0
E1.11.Psa.cont.1.20140730.TS	8.57137	134.5	40.0
E10.10.Sty.pist.3.20150630.M	7.0135	186.0	54.0
E10.Mon.curt.2.20150629.T	7.38867	121.6	46.0
E7.6.Acr.hyac.2.20150622.T	5.67959	90.1666666667	48.0
E3.6.Acr.hyac.1.20150106.S	8.98962	165.666666667	79.0
E10.Aca.hill.1.20150629.T	7.56394	130.666666667	48.0
E10.Alv.alli.3.20150628.S	21.70587	218.4	130.0
E7.19.Lob.hemp.2.20150619.M	30.89146	437.8	198.0
E1.17.Ech.mamm.1.20140815.T	21.66894	217.052631579	136.0
E3.15.Dip.heli.2.20150121.M	14.49671	112.5	80.0
E7.10.Ser.cali.1.20150622.S	19.31323	176.0	102.0
E3.10.Sty.pist.1.20150124.M	10.03835	221.333333333	56.0
E10.Sty.pist.1.20150628.T	5.14255	28.0	16.0
E1.4.Pac.rugo.1.20140728.S	7.13285	101.75	44.0
E1.10.Poc.dami.1.20140731.M	6.67193	52.5	25.0
E1.19.Sym.sp.1.20140815.S	13.88061	285.5	113.0
E3.15.Dip.heli.1.20150118.S	19.38205	211.333333333	86.0
E1.19.Sym.sp.1.20140814.T	15.68264	237.272727273	87.0
E10.Cyp.sera.2.20150628.S	21.92104	424.461538462	130.0
E7.17.Pla.sine.2.20150622.S	11.3981	173.090909091	79.0
E7.10.Poc.dami.3.20150621.T	19.78397	224.2	76.0
E3.6.Acr.hyac.1.20150118.M	53.27946	472.0	292.0
E7.17.Pla.sine.2.20150622.M	20.54696	282.375	123.0
E3.15.Dip.heli.2.20150121.T	31.90503	315.058823529	173.0
E3.4.Pac.rugo.1.20150128.S	12.99497	114.090909091	89.0
E3.10.Sty.pist.2.20150124.T	11.73095	248.333333333	50.0
E10.Por.hero.1.20150628.T	8.88711	37.375	26.0
E7.17.Mer.ampl.1.20150621.T	14.3274	90.0769230769	67.0
E10.Acr.pali.1.20150627.M	19.12382	182.368421053	123.0
E3.15.Dip.heli.2.20150105.M	9.80729	91.0	53.0
E3.6.Acr.hyac.1.20150118.T	24.28364	203.5	137.0
E7.6.Acr.hyac.1.20150622.M	15.48771	194.0	95.0
E3.2.Tur.reni.1.20150127.T	22.82561	216.157894737	138.0
E3.6.Acr.hyac.1.20150120.M	19.3586	199.090909091	117.0
E7.3.Por.loba.1.20150619.M	19.50987	204.8	125.0
E7.3.Por.loba.3.20150619.M	14.36645	86.6	59.0
E3.4.Pac.spec.1.20150128.M	34.30798	428.447368421	231.0
E3.15.Dip.heli.3.20150120.T	28.77086	220.64	145.0
E10.Mon.curt.1.20150629.T	11.88953	175.428571429	64.0
E10.Sty.pist.1.20150628.M	8.67743	33.5	31.0
E3.5.Gal.astr.2.20150127.M	12.26004	246.75	81.0
E3.6.Acr.hyac.2.20150105.T	6.15842	72.25	46.0
E3.15.Dip.heli.1.20150119.T	30.83109	216.222222222	155.0
E3.19.Sym.sp.2.20150125.T	12.87658	220.5	54.0
E3.14.Phy.lich.2.20150125.T	8.78439	151.5	36.0
E1.3.Por.loba.1.20140724.S	11.5621	141.2	42.0
E3.2.Tur.reni.1.20150127.M	1.82105	8.0	7.0
E10.Poc.dami.1.20150628.M	4.75932	42.2	29.0
E3.2.Tur.reni.1.20150127.S	25.37499	233.055555556	138.0
E1.19.Sym.sp.1.20140724.M	8.91447	181.0	70.0
E3.19.Sym.sp.1.20150125.T	18.20802	203.545454545	83.0
E1.3.Por.loba.1.20140726.M	14.60648	147.111111111	56.0
E7.3.Por.loba.2.20150619.S	31.17795	238.315789474	142.0
E10.Cyp.micr.1.20150627.S	33.61622	379.55	161.0
E10.10.Poc.dami.1.20150630.S	4.78778	125.0	20.0
E3.10.Sty.pist.1.20150127.S	20.52398	182.333333333	124.0
E10.Acr.cyth.3.20150627.S	3.7319	225.0	35.0
E3.3.Por.cyli.2.20150123.M	5.89416	100.2	45.0
E3.6.Acr.hyac.2.20150120.T	11.48451	147.75	69.0
E1.17.Ech.mamm.1.20140728.S	10.77282	65.5	49.0
E3.15.Dip.heli.1.20150105.M	6.84269	178.0	54.0
E3.6.Acr.hyac.4.20150106.S	8.2087	132.5	60.0
E10.Aca.hill.2.20150629.T	10.21761	156.6	51.0
E7.17.Cyp.micr.1.20150621.S	13.36887	144.2	63.0
E3.6.Acr.hyac.1.20150121.M	7.73946	73.5	28.0
E1.14.Phy.lich.1.20140801.T	12.01489	92.0	62.0
E10.10.Sty.pist.3.20150630.S	16.65853	126.5	67.0
E7.17.Cyp.micr.3.20150621.M	4.55619	72.0	32.0
E1.17.Ech.mamm.1.20140728.M	16.05954	207.0	75.0
E3.Out.Mil.sp.2.20150125.S	9.11894	140.0	52.0
E7.6.Mon.aequ.4.20150620.M	4.18811	88.5	56.0
E10.10.Sty.pist.1.20150630.S	12.45547	92.1111111111	56.0
E3.11.Fun.sp.2.20150125.S	30.24557	305.052631579	147.0
E3.10.Sty.pist.1.20150124.T	10.58352	121.0	58.0
E10.Por.hero.1.20150628.M	7.54922	67.25	29.0
E3.6.Acr.hyac.3.20150123.S	6.31779	131.6	56.0
E7.17.Hyd.exes.1.20150622.T	9.99926	95.0	45.0
E3.10.Sty.pist.2.20150124.S	12.25086	140.2	59.0
E10.Poc.dami.1.20150628.T	4.78021	39.5	17.0
E3.10.Sty.pist.1.20150127.T	8.51303	83.4285714286	44.0
E10.Ser.cali.3.20150627.S	23.81703	187.136363636	112.0
E1.10.Sty.pist.1.20140807.S	14.12489	167.857142857	62.0
E10.10.Sty.pist.2.20150630.T	4.06948	20.0	13.0
E1.17.Ech.mamm.1.20140728.T	13.96634	129.0	67.0
E10.10.Sty.pist.1.20150630.T	14.35823	126.428571429	51.0
E1.10.Poc.dami.1.20140728.S	11.11539	95.5	64.0
E10.10.Poc.dami.1.20150630.T	3.3353	13.0	8.0
E7.10.Ser.cali.3.20150622.T	11.62774	134.0	69.0
E3.3.Por.cyli.1.20150127.S	13.26757	156.1	70.0
E3.2.Tur.reni.1.20150124.S	20.41561	213.25	95.0
E3.17.Ech.horr.1.20150123.S	10.72231	106.6	56.0
E7.10.Poc.dami.1.20150621.T	16.28027	271.857142857	75.0
E7.6.Mon.aequ.2.20150620.S	15.93613	198.5	107.0
E10.Por.hero.2.20150628.T	3.2469	30.0	12.0
E1.6.Acr.humi.1.20140731.T	5.91893	65.0	35.0
E3.17.Ech.mamm.1.20150129.T	19.4815	266.333333333	89.0
E7.17.Fav.abdi.2.20150623.M	2.40004	55.0	35.0
E1.4.Pac.spec.1.20140811.S	6.49257	49.0	29.0
E1.4.Pac.spec.1.20140801.M	6.70492	60.2	33.0
E7.10.Poc.dami.2.20150621.T	19.76679	185.0	86.0
E10.17.Fav.abdi.1.20150630.T	11.76388	97.1666666667	43.0
E7.17.Fav.abdi.2.20150623.S	21.07913	213.461538462	95.0
E10.Alv.alli.1.20150628.M	4.37226	72.6666666667	41.0
E7.10.Ser.cali.3.20150622.M	12.07427	124.0	66.0
Negative.Control.3	4.37315	51.0	30.0
E1.6.Iso.pali.1.20140803.S	10.68331	177.0	78.0
E10.Ser.cali.2.20150627.M	15.46022	354.5	74.0
E7.17.Pla.sine.3.20150622.T	13.6865	194.0	84.0
E1.Out.Mil.sp.1.20140814.M	14.13598	134.375	60.0
E10.Sty.pist.1.20150628.S	17.00798	214.8	102.0
E7.10.Ser.cali.2.20150622.T	14.87985	138.125	68.0
E3.14.Phy.lich.1.20150125.S	9.73624	158.142857143	63.0
E3.19.Sym.sp.1.20150127.S	13.3888	153.2	54.0
E7.3.Por.loba.4.20150619.M	5.51967	159.5	66.0
E3.19.Sym.sp.1.20150127.T	10.76525	89.1428571429	53.0
E7.17.Fav.spC.1.20150623.M	3.15387	48.0	12.0
E1.6.Mon.hisp.1.20140807.S	7.00992	75.5	23.0
E3.14.Phy.lich.1.20150129.T	4.04542	51.0	18.0
E7.6.Acr.hyac.3.20150622.S	6.34694	206.5	44.0
E1.6.Acr.sp.1.20140726.M	10.54718	140.2	41.0
E3.6.Acr.hyac.1.20150105.T	6.82525	43.75	21.0
E10.Fav.abdi.1.20150629.S	7.42187	85.0	34.0
E3.17.Ech.mamm.1.20150129.S	6.7276	60.0	25.0
Negative.Control.2	2.42314	35.25	27.0
E10.Mon.curt.1.20150629.S	9.16736	51.0	36.0
E1.14.Phy.lich.1.20140801.M	11.22446	80.0	34.0
E10.Poc.dami.2.20150628.T	6.71223	126.0	21.0
Negative.Control.1	3.66808	77.3333333333	32.0
